4243767290,0
4294967294,1430
4294967279,356
4294967279,368
4294967278,516
4294967278,231
4294967278,556
4294967278,36
4294967278,33
4294967278,26
4294967278,24
4294967278,13
4294967278,11
4294967278,10
4294967278,9
4294967279,362
4294967279,131
4294967279,130
4294967279,126
4294967279,123
4294967279,251
4294967279,192
4294967279,120
4294967279,119
4294967279,118
4294967279,116
4294967279,115
4294967279,111
4294967279,109
4294967279,107
4294967279,106
4294967279,105
4294967279,219
4294967279,103
4294967279,361
4294967279,100
4294967279,98
4294967279,360
4294967279,97
4294967279,96
4294967279,95
4294967279,94
4294967279,93
4294967279,92
4294967279,91
4294967279,90
4294967279,89
4294967279,87
4294967279,86
4294967279,85
4294967279,84
4294967279,83
4294967279,82
4294967279,80
4294967279,78
4294967279,77
4294967279,74
4294967279,73
4294967279,72
4294967279,71
4294967279,69
4294967279,68
4294967279,67
4294967279,66
4294967279,64
4294967279,62
4294967279,61
4294967279,59
4294967279,58
4294967279,50
4294967279,45
4294967279,44
4294967279,27
4294967279,23
4294967279,22
4294967279,16
4294967279,14
4294967279,346
4294967279,363
4294967278,535
4294967294,15
4294967294,185
4294967279,318
4294967278,190
4294967294,50
4294967294,384
4294967294,184
4294967294,180
4294967294,182
4294967294,104
4294967294,106
4294967294,166
4294967294,168
4294967278,534
4294967279,317
4294967278,186
4294967278,185
4294967278,184
4294967278,183
4294967278,182
4294967279,183
4294967278,181
4294967278,180
4294967278,179
4294967279,180
4294967278,178
4294967279,179
4294967278,176
4294967279,177
4294967279,176
4294967279,175
4294967279,173
4294967279,169
4294967279,168
4294967279,167
4294967278,164
4294967279,165
4294967278,156
4294967294,81
4243767290,3
4243767290,2
4294967294,14
4294967294,20
4294967294,13
4294967294,127
4294967294,12
4294967294,126
4294967294,18
4294967294,68
4294967294,11
4294967279,43
4294967279,33
4294967279,41
4294967279,152
4294967279,151
4294967279,347
4294967279,150
4294967294,1461
4294967278,35
4294967279,345
140,5
4294967278,146
140,4
140,3
140,2
140,1
4294967279,364
4294967278,145
4294967278,21
4294967278,30
4294967279,344
4294967279,141
4294967278,140
4294967279,28
4294967279,140
4294967278,139
4294967278,138
139,11
139,10
139,9
139,8
139,7
4294967279,26
4294967279,138
139,6
4294967278,133
139,5
4294967279,135
139,4
4294967278,134
139,3
139,2
139,1
4294967279,133
4294967294,393
4294967294,392
4294967294,389
4294967294,429
4294967278,19
4294967278,273
4294967278,558
4294967279,343
4294967278,545
4294967294,395
4294967294,24
4294967294,1460
4294967279,342
4294967278,524
4294967279,271
138,30
138,29
138,28
138,27
138,21
138,26
138,25
138,14
138,24
138,23
138,15
138,22
138,16
138,20
138,19
138,18
138,17
138,12
138,6
138,13
138,11
138,5
138,10
138,9
138,8
138,7
4294967278,265
4294967279,265
4294967279,267
4294967278,264
138,4
4294967279,266
138,3
138,2
138,1
4294967278,263
4294967294,1429
4294967294,1428
4294967294,485
4294967278,5
4294967294,1459
4294967279,259
4294967278,312
4294967279,258
137,40
137,39
137,38
137,26
137,37
137,36
137,21
137,35
137,24
137,34
137,33
137,12
137,32
137,31
137,11
137,30
137,29
137,20
137,28
137,27
137,19
137,25
137,16
137,23
137,22
137,18
137,6
137,17
137,15
137,7
137,14
137,13
137,5
137,10
137,9
137,8
4294967279,132
4294967279,304
4294967278,307
137,4
4294967279,305
137,3
137,2
137,1
4294967278,306
4294967294,1416
4294967294,402
4294967294,1013
4294967279,124
4294967279,253
4294967278,252
4294967279,122
4294967279,250
4294967278,250
4294967279,121
4294967278,249
4294967278,244
4294967278,238
4294967278,242
136,5
136,4
4294967278,240
136,3
136,2
136,1
4294967279,114
4294967279,104
4294967278,301
4294967279,113
4294967279,112
4294967278,232
4294967278,230
4294967279,110
4294967279,231
135,9
135,8
4294967278,227
135,7
135,6
4294967279,108
4294967279,227
135,5
4294967278,220
135,4
135,3
135,2
135,1
4294967278,218
4294967294,387
4294967294,418
4294967279,102
4294967279,101
4294967278,539
4294967279,99
4294967279,339
4294967278,210
4294967278,520
134,34
134,33
134,32
134,31
134,19
134,30
134,29
134,12
134,28
134,27
134,18
134,26
134,25
134,24
134,23
134,22
134,21
134,20
134,11
134,17
134,16
134,15
134,14
134,13
134,5
134,10
4294967278,131
4294967278,130
4294967278,129
4294967278,126
4294967278,124
4294967278,122
4294967278,120
4294967278,119
4294967278,118
4294967278,239
4294967278,115
4294967278,113
4294967278,111
4294967278,109
4294967278,108
4294967278,107
4294967278,88
4294967278,174
4294967278,104
4294967278,102
4294967278,100
4294967278,99
4294967278,98
4294967278,97
4294967278,93
4294967278,91
4294967278,87
4294967278,85
4294967278,81
4294967278,79
4294967278,76
4294967278,74
4294967278,533
4294967278,532
4294967278,69
4294967278,64
4294967278,59
4294967278,57
4294967278,49
4294967278,47
4294967278,46
4294967278,550
4294967278,39
4294967278,549
4294967278,37
4294967278,548
4294967278,32
4294967278,31
4294967278,28
4294967278,137
4294967278,25
4294967278,275
4294967278,23
4294967278,269
4294967278,22
4294967278,547
4294967278,20
4294967278,18
4294967278,17
4294967278,544
4294967278,15
4294967278,280
4294967278,14
4294967278,12
4294967278,278
4294967278,8
4294967278,542
4294967278,7
4294967278,6
4294967278,4
4294967279,341
4294967279,129
4294967279,256
4294967279,128
4294967279,340
4294967279,127
4294967279,125
4294967279,320
4294967279,243
4294967279,117
4294967279,174
4294967279,333
4294967279,289
4294967279,20
4294967279,18
4294967279,15
4294967279,13
4294967279,88
4294967279,2
4294967279,260
4294967279,8
4294967279,6
134,9
134,8
134,7
134,6
4294967278,96
4294967278,299
4294967278,207
4294967279,208
4294967278,204
4294967278,206
4294967279,207
134,4
4294967278,205
134,3
134,2
134,1
4294967279,337
4294967278,89
4294967278,297
4294967278,86
4294967278,536
4294967279,336
4294967278,198
4294967278,84
4294967278,195
133,5
4294967278,194
133,4
133,3
133,2
133,1
4294967278,193
4294967294,477
4294967278,336
4294967278,77
4294967279,335
4294967278,75
4294967278,188
4294967279,390
4294967278,187
132,5
132,4
132,3
132,2
132,1
4294967278,67
4294967278,260
4294967278,335
4294967278,65
4294967278,177
4294967279,334
4294967278,334
4294967278,157
4294967278,168
131,9
131,8
4294967278,171
131,7
131,6
4294967278,170
131,5
131,4
4294967278,169
131,3
131,2
131,1
4294967279,170
4294967278,55
4294967278,45
4294967279,331
4294967278,333
4294967278,54
4294967279,312
4294967278,332
4294967278,538
4294967279,164
4294967278,162
4294967294,1458
4294967278,161
4294967278,160
130,7
130,6
4294967278,159
130,5
130,4
4294967278,158
130,3
130,2
130,1
4294967278,531
4294967278,44
4294967278,530
4294967278,34
4294967294,89
4294967279,329
4294967278,529
4294967278,153
4294967294,1457
4294967279,153
4294967278,152
4294967278,151
4294967278,150
129,7
129,6
4294967278,148
129,5
129,4
129,3
129,2
129,1
4294967278,528
4294967294,409
4294967294,414
4294967294,179
4294967294,407
4294967294,153
4294967294,1009
4294967294,406
4294967294,183
4294967294,524
4294967294,119
4294967294,160
4294967294,110
4294967294,175
4294967294,169
4294967294,440
4294967294,390
4294967294,115
4294967278,142
4294967294,484
4294967278,29
4294967278,141
4294967278,527
4294967278,27
4294967278,525
4294967278,135
128,5
128,4
4294967278,136
128,3
128,2
128,1
4294967279,136
4294967279,12
4294967279,134
4294967278,331
4294967279,21
4294967279,327
4294967278,271
4294967294,388
4294967294,46
4294967279,19
4294967294,1456
4294967279,326
127,10
127,9
127,8
127,7
4294967279,17
4294967279,288
4294967278,16
4294967278,523
4294967279,325
127,6
4294967279,269
127,5
127,4
4294967279,286
127,3
127,2
127,1
